# id	left	top	right	bottom	texture_id
[SPRITES]
#BOARD
99001	3	3	236	32	60

#SPEEDBAR
#1
99010	2	11	67	18	70
#2
99011	2	20	67	27	70
#3
99012	2	29	67	36	70
#4
99013	2	38	67	45	70
#5
99014	2	47	67	54	70
#6
99015	2	56	67	63	70
#7
99016	2	65	67	72	70
#0
99017	2	2	67	9	70

#BACKGROUND
99999	0	0	320	90	80

# ani_id	sprite1_id	time1	sprite2_id	time2	...
[ANIMATIONS]
#BOARD
9901	99001	100

#SPEEDBAR
#1
9910	99010	100
#2
9911	99011	100
#3
9912	99012	100
#4
9913	99013	100
#5
9914	99014	100
#6
9915	99015	100
#7
9916	99016	100
#0
9917	99017	100

#BACKGROUND
9999	99999	100