# id	left	top	right	bottom	texture_id
[SPRITES]
#####  BIG ###############
#IDLE
11121	216	154	231	181	0
11111	176	154	191	181	0

#WALKING RIGHT
11222	255	154	272	181	0
11223	295	154	312	181	0

#WALKING LEFT
11212	135	154	152	181	0
11213	95	154	112	181	0

#RUNNING RIGHT
11321	213	234	232	260	0
11322	253	233	272	260	0
11323	293	234	312	260	0

#RUNNING LEFT
11311	174	234	193	262	0
11312	134	234	153	262	0
11313	94	235	113	262	0

#JUMP WALK RIGHT
11417	335	155	352	182	0
11413	55	155	72	182	0

#JUMP RUN RIGHT & LEFT
11427	333	275	352	302	0
11423	54	275	73	302	0

#SIT RIGHT & LEFT 
11521	376	159	390	177	0
11511	16	159	30	177	0

#BRACE RIGHT & LEFT 
11621	215	194	232	223	0
11611	175	194	192	223	0

#DIE
13001	15	120	31	135	0

############ SMALL ################
 #IDLE
12121	217	0	228	15	0
12111	177	0	188	15	0

#WALK RIGHT
12222	256	0	271	15	0

#WALK LEFT
12212	135	0	150	15	0

#RUN RIGHT
12321	215	80	230	95	0
12322	255	80	270	95	0

#RUN LEFT
12311	175	80	190	95	0
12312	135	80	150	95	0

#BRACE RIGHT & LEFT
12511	216	40	231	55	0
12521	176	40	191	55	0

#JUMP WALK RIGHT & LEFT 
12413	175	120	190	135	0
12417	215	120	230	135	0

#JUMP RUN RIGHT & LEFT 
12423	175	120	190	135	0
12427	215	120	230	135	0

# ani_id	sprite1_id	time1	sprite2_id	time2	...
[ANIMATIONS]
400	11121	100
401	11111	100

#WALKING RIGHT & LEFT 
500	11121	100	11222	100	11223	100
501	11111	100	11212	100	11213	100

#RUNNING RIGHT & LEFT
600	11321	50	11322	50	11323	50
601	11311	50	11312	50	11313	50

#JUMP WALK
700	11417	100
701	11413	100

#JUMP RUN
800	11427	100
801	11423	100

#SIT RIGHT & LEFT 
900	11521	100
901	11511	100

#BRACE RIGHT & LEFT 
1000	11621	100
1001	11611	100

#DIE
999	13001	100

################### SMALL #################
1100	12121	100
1102	12111	100


#WALK LEFT & RIGHT 
1200	12121	100	12222	100
1201	12111	100	12212	100

#RUN LEFT & RIGHT
1300	12321	100	12322	100
1301	12311	100	12312	100

#BRACE LEFT & RIGHT
1401	12511	100
1400	12521	100

#JUMP WALK
1500	12417	100
1501	12413	100

#JUMP RUN 
1601	12423	100
1600	12427	100