# id	left	top	right	bottom	texture_id
[SPRITES]
#RED VENUS
RED_RIGHT_DOWN
61001	124	39	140	72	40
61002	107	39	123	72	40

RED_RIGHT_UP
61003	90	39	106	72	40
61004	73	39	89	72	40

RED_LEFT_DOWN
61005	3	39	19	72	40
61006	20	39	36	72	40

RED_LEFT_UP
61007	37	39	53	72	40
61008	54	39	70	72	40

#GREEN VENUS
GREEN_RIGHT_DOWN
61011	164	4	181	29	40
61012	147	4	164	29	40

GREEN_RIGHT_UP
61021	130	4	147	29	40
61022	113	4	130	29	40

GREEN_LEFT_DOWN
61031	42	4	59	29	40
61032	59	4	76	29	40

GREEN_LEFT_UP
61041	76	4	93	29	40
61042	93	4	110	29	40

# PIRANHA_FLOWER
61051	3	5	20	29	40
61052	22	4	39	29	40

# ani_id	sprite1_id	time1	sprite2_id	time2	...
[ANIMATIONS]
#RED VENUS
#RED_RIGHT_DOWN
6000	61001	100	61002	100
#RED_RIGHT_UP
6001	61003	100	61004	100
#RED_LEFT_DOWN
6002	61005	100	61006	100
#RED_LEFT_UP
6003	61007	100	61008	100
#MOVING
6004	61001	100	61002	100	61003	100	61004	100	61005	100	61006	100	61007	100	61008	100

#GREEN_VENUS
#GREEN_RIGHT_DOWN
6010	61011	100	61012	100
#GREEN_RIGHT_UP
6011	61021	100	61022	100
#GREEN_LEFT_DOWN
6012	61031	100	61032	100
#GREEN_LEFT_UP
6013	61041	100	61042	100
#MOVING
6014	61011	200	61012	200	61021	200	61022	200	61031	200	61032	200	61041	200	61042	200

#PIRANHA
6020	61051	200	61052	200

#
# id	ani1	ani2	ani3
#
[ANIMATION_SETS]
# FIRE_FLOWER_RED
1	6000	6001	6002	6003