# id	left	top	right	bottom	texture_id
[SPRITES]
########## WORLD MAP OBJECT ###############
#plant
19001	52	17	67	32	120
19002	35	17	50	32	120
19003	18	17	33	32	120
19004	1	17	16	32	120

#help
19011	18	2	35	17	120
19012	1	50	18	66	120

#guard
#right
19021	103	17	119	32	120
19022	120	17	136	32	120
19023	52	17	68	32	130
19024	35	17	51	32	130

# ani_id	sprite1_id	time1	sprite2_id	time2	...
[ANIMATIONS]
########## WORLD MAP OBJECT ###############
#plant
19001	19001	300	19002	300	19003	300	19004	300

#help
19002	19011	300	19012	300

#guard
#right
19003	19021	100	19022	100
19004	19023	100	19024	100