# list of object assets to load in this scene
[ASSETS]
assets\mario.txt
assets\brick.txt
assets\coin.txt
assets\goomba.txt
assets\cloud.txt
assets\background_1-1.txt
assets\venus.txt
assets\funnel.txt
assets\koopas.txt
assets\flat.txt
assets\items.txt
assets\hud.txt
#
#map_id	matrix_path	width	height
[MAPS]
10000	map\matrix_1-1.txt	2832	432
#
[OBJECTS]
# type	x	y	extra_settings per object type
# type: 0 = Mario , 1 = Brick, 2 = Goomba, 3 = Koopas
# See OBJECT_TYPE constants in AssetIDs.h

# MARIO
0	1800	0

#Venus
7	360	378

# FUNNEL
6	360	384	100
6	1800	392	0
6	1864	384	100
6	2264	384	300
6	2264	208	400
6	2328	392	0

# BRICKS
1	192	352	100	1
1	177	352	100	1
1	224	304	100	0
1	240	304	100	0
1	432	304	100	0
1	656	384	100	0
1	704	347	100	0
1	1952	400	300	3
1	1968	384	300	0
1	1968	400	300	0
1	1984	368	300	0
1	1984	384	300	0
1	1984	400	300	0
1	2000	368	300	0
1	2000	384	300	0
1	2000	400	300	0
1	2016	368	300	0
1	2016	384	300	0
1	2016	400	300	0
1	2032	400	300	0
1	2096	384	300	0
1	2096	400	300	0
1	2112	400	300	0
#wood brick
1	1696	400	200	0
1	1680	384	200	0
1	1680	400	200	0
1	1664	368	200	0
1	1664	384	200	0
1	1664	400	200	0
1	1600	368	200	0
1	1600	384	200	0
1	1600	400	200	0
1	1584	384	200	0
1	1584	400	200	0
1	1568	400	200	0
1	1520	336	200	0
1	1504	336	200	0

#COIN
4	1073	320
4	1105	288
4	1137	256
4	1169	224
4	1201	192
4	1329	80
4	1345	80
4	1361	80
4	1473	112
4	1489	112
4	1537	128
4	1553	128
4	1569	128
4	1585	128
4	1617	112
4	1633	112
4	1649	112
4	1665	112
4	1697	144
4	1729	112
4	1761	128
4	1809	96
4	1841	128

#Goomba
2	608	400	1000	3	5	4	5
2	930	370	3000	3	5	7	8

#Koopas
8	577	360	1000

#Platform
5	0	416	16	16	39	87	88	89	0
5	624	416	16	16	29	91	92	93	0
5	624	400	16	16	29	91	92	93	0
5	1152	416	16	16	22	91	92	93	0
5	1536	416	16	16	5	91	92	93	0
5	1664	416	16	16	36	91	92	93	0
5	2256	416	16	16	35	91	92	93	0
5	352	368	16	16	2	91	92	93	0
5	240	384	16	48	3	91	92	93	1
5	272	368	16	80	3	91	92	93	1
5	400	384	16	48	5	91	92	93	1
5	464	368	16	80	4	91	92	93	1
5	512	392	16	32	6	91	92	93	1
5	512	352	16	112	4	91	92	93	1
5	1264	392	16	32	7	91	92	93	1
5	1296	376	16	64	7	91	92	93	1
5	1328	360	16	96	7	91	92	93	1
5	1312	152	16	32	4	91	92	93	1
5	1408	192	16	16	4	91	92	93	1
5	1486	176	16	16	13	91	92	93	1

#Portal 
50	2264	114	2280	136	3	0	136	0

